chop_south_percent=0.05045871559633027522935779816514
chop_north_percent=0.07339449541284403669724770642202
shave_sides_percent=0.03578122337706593968308059294599
