chop_south_percent=0.044712
chop_north_percent=0.045528
shave_sides_percent=0.023743
