chop_south_percent=0.0411554
chop_north_percent=0.062372
shave_sides_percent=0.02981244
